0.0
0.0
405.0
405.0
405.0
405.0
405.0
405.0
405.0
405.0
405.0
405.0
405.0
405.0
405.0
405.0
405.0
405.0
405.0
405.0
405.0
405.0
405.0
405.0
405.0
405.0
405.0
405.0
405.0
405.0
405.0
405.0
405.0
405.0
405.0
405.0
405.0
405.0
405.0
405.0
405.0
405.0
405.0
405.0
405.0
405.0
405.0
405.0
405.0
405.0
405.0
405.0
405.0
405.0
405.0
405.0
405.0
405.0
405.0
405.0
405.0
405.0
405.0
405.0
405.0
405.0
405.0
405.0
405.0
405.0
405.0
405.0
405.0
405.0
405.0
405.0
405.0
405.0
405.0
405.0
405.0
405.0
405.0
405.0
405.0
405.0
405.0
405.0
405.0
405.0
405.0
405.0
405.0
405.0
405.0
405.0
405.0
405.0
405.0
405.0
405.0
405.0
405.0
405.0
405.0
405.0
405.0
405.0
405.0
405.0
405.0
405.0
405.0
405.0
405.0
405.0
405.0
405.0
405.0
405.0
405.0
405.0
405.0
405.0
405.0
405.0
405.0
405.0
405.0
405.0
405.0
405.0
405.0
405.0
405.0
405.0
405.0
405.0
405.0
405.0
405.0
405.0
1405.0
0.0
0.0
428.0
428.0
428.0
428.0
428.0
428.0
428.0
428.0
428.0
428.0
428.0
428.0
428.0
428.0
428.0
428.0
428.0
428.0
428.0
428.0
428.0
428.0
428.0
428.0
428.0
428.0
428.0
428.0
428.0
428.0
428.0
428.0
428.0
428.0
428.0
428.0
428.0
428.0
428.0
428.0
428.0
428.0
428.0
428.0
428.0
428.0
428.0
428.0
428.0
428.0
428.0
428.0
